10447
11174
10041
11398
11313
11211
10973
12017
9783
11057
10530
10362
10742
11125
10995
10666
10452
11256
11716
10709
12927
10456
11161
12071
11174
10929
11200
10584
10606
11497
11798
10547
10771
10969
11237
12910
10865
10874
10455
10702
10603
10699
12629
10583
12114
10870
10416
12391
10570
10521
10806
11230
10450
12053
10720
10739
11130
11403
10987
10125
11131
10928
10415
12915
10754
10630
10209
10881
10356
10278
11017
10365
10552
11152
10759
11998
10394
10848
10025
10273
12116
11434
11058
12198
11240
12414
10499
10257
11217
11506
10654
10318
10008
11208
11862
10764
10949
10574
11181
11685
12716
10711
11652
11384
10393
11490
10677
10704
10182
10482
12385
12804
11925
9771
11509
11002
10716
10438
12807
10926
11002
11038
11858
11675
11801
11756
10723
10366
11552
10608
10814
12865
11519
10813
10599
11127
10319
11343
10938
11036
12158
12288
10743
12224
11098
10650
10149
10442
10319
11124
10733
10413
10882
12187
11019
9836
10167
10056
10990
10464
10895
10889
10621
11609
11221
10578
11847
11225
12536
10783
10729
12405
11577
10712
10965
13108
12105
11655
11011
10434
10443
11416
10582
11981
10836
12146
11299
10839
11722
11459
9698
11154
10364
10619
10620
10808
12341
10808
11575
11867
11278
10083
10009
11841
10363
11617
11394
12575
11300
10651
12273
11505
10339
10682
10879
11376
12110
11206
10421
10775
10819
10520
10999
11243
11503
10587
10535
11634
10609
11463
10882
11399
11230
10780
11121
9734
10698
10352
10423
10404
10806
10106
11875
10552
11807
10762
10780
10854
10882
10364
11416
10757
11519
11145
11362
11655
10923
11205
10908
10896
10834
10854
10738
10851
9876
10934
10667
11878
11014
11431
9901
10482
10770
10851
10468
11021
10447
10143
11103
11101
11137
11383
11974
10839
10538
10325
10875
12128
11238
11790
11323
10812
10826
11279
10696
10334
10702
10588
10300
11356
10669
10906
10435
10518
10325
10867
11239
10456
10782
11386
11086
11755
10372
10782
11296
11319
11759
11253
12236
10255
11124
9864
10439
11126
10274
10600
10395
11495
11030
10967
11322
10433
10499
11750
11270
10544
11203
10329
11041
11607
10881
10143
10651
11098
10939
10235
11924
11847
10584
10488
10317
10874
11608
11284
11781
11130
11018
10884
10652
10009
10353
11348
10483
11641
11036
10862
10852
13102
11709
10585
11216
10193
10424
10974
10694
10449
12018
10013
10637
11385
12332
10518
10598
12716
11077
11646
9992
11717
10783
11189
10313
10386
11244
11174
10438
10683
11472
11665
10992
10687
11352
10086
10836
11247
10667
12113
11037
12170
10905
10640
10874
10961
10827
12741
11478
10502
10185
10453
10887
11983
10307
10546
11277
11967
10962
12564
10326
11622
10524
10627
10675
10290
10151
10305
10851
10480
11377
9928
11478
10310
11464
10818
11025
10746
11742
11592
11600
10334
12327
10510
11805
10491
10470
10711
11825
10830
10812
11339
11001
11718
11229
10680
11234
11083
11796
11278
11547
10678
12659
10524
10304
10674
11292
11985
10415
11442
10550
11398
12627
10931
10549
11039
11341
11330
10409
12035
10426
11197
11421
11676
11071
10379
10260
11568
10304
10715
10067
11719
11385
10871
11390
11268
10545
11263
11981
11579
10323
10883
10773
10129
10102
11056
10684
11104
11282
11156
11104
12164
10901
10325
10346
10853
10711
10912
10365
10992
10190
11078
10073
13377
10577
10915
10485
11287
11847
10988
12331
10804
10664
12089
11547
11121
10371
10902
11488
10630
10738
10823
11027
11915
11248
10223
11258
10818
10902
11652
11537
11727
10472
10546
11946
10800
11038
11284
10723
10523
11415
10659
11176
11600
11823
10357
11253
11093
10363
11032
11056
11013
10392
10979
11369
11577
11382
10211
13347
10135
11373
10218
10658
11017
11276
12518
10718
12460
10346
10415
10693
11527
11040
10792
10411
10560
11873
10491
11303
10174
10796
10993
10485
11448
10868
10754
11053
11108
10549
11324
10807
10213
10765
10423
10659
11274
11346
10809
10919
11192
11036
10346
10937
11704
10248
10493
12163
10842
10830
10405
10839
10918
12989
11817
10806
10177
11293
10007
11157
11618
11356
12479
10719
11897
11163
11306
11547
11237
11842
12358
11736
10878
10358
11279
11098
11008
10650
10573
10612
9963
10632
10502
11759
11947
10706
11387
12163
10564
10434
11535
12601
11355
11307
10369
10324
10573
10562
11130
10764
11272
11338
10959
11269
10758
10638
10165
10638
10174
11400
10400
11711
10551
9868
11206
10961
10517
11148
11204
11140
10740
10561
11724
10193
11555
11565
10214
10908
9954
11379
10801
10298
10428
10648
11457
10448
11464
11930
10957
10540
10925
11195
12058
10828
10618
10195
11528
11233
10703
11494
11073
10790
12114
11300
11765
10996
11070
10692
10120
10172
10644
11105
10959
11895
11929
10703
10663
11782
10074
10758
10680
10260
10224
10826
10547
10811
11028
10621
10664
9874
11009
10957
11441
12134
10353
11436
10789
10334
10472
11254
11101
11408
12735
10468
10982
11496
11997
10069
11025
11714
10418
11407
11232
10384
12392
11277
11002
11284
11730
10376
11475
10853
11753
11079
11168
10418
11792
9773
10588
10367
10367
10002
10258
11226
12149
11850
10430
10440
11303
11364
10951
11084
11050
11778
11613
11088
10360
11526
10134
11773
9715
11536
10355
10754
10605
10403
10659
11832
12655
10966
9990
11037
10375
10524
10333
10792
10679
10864
10971
10341
10949
11378
10141
10359
10648
12416
11770
11011
10507
10115
10838
10989
10341
10321
10367
11274
11010
10273
10996
10392
10756
11719
10231
10429
11273
10779
10533
11156
10254
11762
11673
10628
11361
10360
10554
10470
10873
11453
11421
11445
11162
10295
10373
11142
10483
12573
11947
10016
11157
11318
10437
12267
10462
10327
11073
10448
10946
10293
10264
10893
10741
11903
10870
10120
10489
10824
10156
10131
10823
11793
11204
10091
11474
12635
10669
11997
11234
10938
11475
11267
10654
11133
10303
10564
11204
11034
10379
11164
10282
10413
10575
10967
10096
10595
10887
10349
10198
10239
10185
12745
11549
10911
10207
10685
11074
11703
10970
12121
10197
11725
10826
10840
10872
10681
11048
10601
11313
10752
10849
10452
10709
11794
11696
12223
11127
10662
11328
10612
12725
11844
10769
10530
10359
10466
10866
10766
10019
12247
11794
10486
12311
10479
10430
10273
11527
10797
10015
10597
10413
11046
10350
10922
10423
10367
11199
10065
11024
10872
10745
11044
10770
11195
10349
10231
11702
11185
11059
10276
10481
11083
10505
11067
11078
10552
11264
11745
10973
10224
11530
11202
9959
10055
11520
11236
11801
11039
11283
10674
10216
10929
12124
10304
11542
10250
10251
10580
10699
11574
10668
10218
11813
11877
9978
10460
11542
11535
10775
10829
11159
10931
11237
9973
10287
10989
12033
10566
10793
11549
10856
10563
11233
10994
10709
10848
10240
10568
10303
12099
11354
11289
10368
10580
11962
10408
12278
10743
10584
12659
12037
10688
10769
11105
10184
10103
11627
9965
11191
11902
9933
12290
10771
10620
10114
10324
11261
10343
10596
10438
11068
11206
11333
10636
10131
10970
10228
11426
10912
11869
12576
11869
10475
10721
10335
10408
10592
11245
12042
10717
11131
10300
11964
11581
10104
10608
10891
10151
10945
11013
11572
11577
10360
10401
10951
12045
10364
11216
10868
10080
12285
10715
10998
10808
10653
10724
11024
11773
10393
10214
10305
10573
10305
10676
11082
9940
11246
10670
10520
10716
10495
11141
10271
11774
10597
10874
10665
10778
10177
11805
11860
10087
10653
10312
10403
11218
11768
10576
11587
10335
10790
10441
11105
11464
10428
10608
12050
10388
11397
10763
11438
10707
10423
11330
11346
10279
10798
10753
10559
10550
10174
10147
10722
10529
11088
11075
11098
10897
10896
13346
11197
11258
10525
11273
10550
11780
10779
11600
10683
11067
10434
11292
11062
10672
10618
11100
11394
11167
10699
10791
11304
10827
10395
11574
10792
10500
10310
11198
11025
11385
10910
10397
10183
10322
11193
11126
10884
11146
11146
10903
10998
9923
11729
10579
10344
11916
11524
10600
10954
10096
12033
11009
11704
11675
12525
10630
10679
10852
12157
11226
12233
10939
11447
10858
10262
10263
10673
12602
11256
11205
11291
10701
11080
11109
10262
10595
10582
10189
12252
10207
11334
10659
11204
10745
11148
12295
11688
9943
10148
10392
11443
10721
10403
11383
11965
10492
11375
10365
11661
11068
11136
10487
11278
10049
10821
11888
10944
12224
12270
10022
10552
11509
10712
9708
10377
10683
11444
10356
11329
10080
10689
11787
10687
13811
10339
10643
10801
11354
10816
10584
11942
10905
10477
10524
10796
10775
11201
11296
10516
12284
10432
10768
10482
11921
12013
10658
10758
10456
10001
12044
11607
10155
11587
11395
10564
10596
10980
10209
10210
11930
11733
10434
10934
11297
10800
10431
10525
11997
11788
12236
10523
11004
10372
10986
10984
10589
9994
10283
11639
12826
10512
10128
11340
10015
10427
10251
10519
12027
10373
11009
11142
10265
11600
11159
12720
11479
10592
10033
11594
12038
10390
11398
10392
11196
11068
11101
10213
10190
11958
10520
11480
10627
11848
10859
11602
10221
10476
12933
10651
10838
11658
10598
10870
12084
12090
11983
11407
11339
10202
10475
10592
11257
11647
10708
11562
10911
10511
10594
11230
10670
10787
11074
11091
10941
10388
10708
10695
10756
10643
12114
10563
10480
11701
11396
10956
11213
10517
10215
11419
11282
11092
10892
11200
10624
10076
10647
12320
10609
10350
11140
11035
10814
11017
10069
10138
10131
12426
10059
11387
10937
11354
10603
10601
11551
11081
10347
10670
11730
10231
13197
10427
10219
10007
10689
10543
10588
11216
11933
10752
11850
11290
11290
10655
10535
12330
12529
11016
10503
11273
10424
11483
10437
11982
11529
11584
10365
11173
10580
11224
11272
10608
10802
10798
11286
11428
10780
10630
11183
11232
11836
10209
11830
11012
10366
11063
10873
9725
11123
10449
10548
10380
10417
10373
12478
10578
12741
11448
12737
10608
11526
10782
10254
10577
11208
10864
11177
10262
11071
11186
11144
10893
11744
11666
10477
12738
9956
11504
10709
12073
11253
11513
11892
10816
10410
10698
11009
11437
10686
11605
10832
10444
10602
11975
11084
12129
11341
10850
12047
11089
10902
10830
12822
12459
11491
11828
10734
10819
10279
12052
11259
10468
11039
10235
11359
10060
11239
11883
10047
10892
10972
10856
10519
10292
10542
10911
11325
11101
11479
10803
10631
12658
11588
10349
10854
9874
10409
10504
10854
10417
10181
10878
11212
11720
11784
11728
10533
10322
10800
11008
10126
12703
10756
10562
10688
10785
10799
11164
9924
10377
10771
11896
10874
12169
11177
11619
10681
10507
10582
11575
10579
10597
10646
10765
12233
10660
12050
10867
9973
11564
11287
11560
10480
12034
10602
11595
11524
11284
10441
11013
11369
10333
10382
10663
10451
10600
11425
11669
10117
10315
12232
11019
10400
11559
11386
10311
12383
10932
10961
11400
10690
11622
10238
11347
11098
11127
10345
11026
11624
10615
12466
10450
11434
12179
11336
10895
10857
10586
11847
10297
11022
10931
11266
10275
11689
10566
11079
11106
10869
11641
10793
10887
10091
10550
10484
10860
10617
11423
10842
9949
11364
10199
10131
11043
11074
12463
10421
10373
10297
10575
11628
11941
12311
11293
10190
11121
10871
10900
11469
10969
10328
10605
10905
11406
11222
10357
10649
10985
11167
10820
10989
11206
11252
12190
10431
10702
12081
12782
10236
10145
10629
11211
10719
10786
10828
10611
12843
12177
10689
10204
10740
11039
10803
11003
10263
10595
10972
11485
10821
10906
11587
11007
11410
10107
10572
11761
12070
11193
12051
11218
10752
10900
12137
10888
10792
9960
10973
11062
10986
10583
10892
10813
10151
11397
11105
10921
11446
10450
12709
11249
11198
11379
11275
10935
11580
11497
11372
10344
10955
10665
10825
11445
11786
10842
10986
10003
10820
10456
11383
11979
12241
10566
10548
11871
10771
10336
10843
11632
10757
10532
10957
10165
11372
10712
10380
11534
11247
10763
10851
11611
10691
11017
11227
11014
11277
11039
10748
11596
10827
10371
10487
11879
10624
10863
12420
10518
10779
10349
10793
10344
10483
11157
10879
11504
10469
9980
11199
10909
10210
12104
9889
10361
11241
13241
10942
11992
11423
12178
10348
12506
10820
12471
10166
11311
10926
10655
10284
10203
11278
10594
11585
10728
10530
10740
10718
11527
10725
10920
11511
11233
11313
10814
11132
11384
10156
10626
11044
11153
11026
10523
10739
10874
11490
11116
12528
10899
10742
12317
11211
10491
10341
11190
10288
10470
11545
11094
11322
10802
12116
11324
11911
11836
10899
11337
11881
10501
10325
10677
10672
10791
10770
10277
10118
10317
10929
10409
10911
11042
11177
11259
10436
11111
10968
11045
12150
10675
10893
11113
0.796808
