617
568
651
581
621
652
693
746
785
595
588
623
705
562
665
771
760
587
668
713
632
641
652
579
582
575
676
586
626
669
589
615
566
623
589
662
704
576
710
708
624
668
662
609
607
736
603
652
629
682
607
617
593
610
645
739
633
588
584
665
573
607
554
653
712
592
586
607
591
642
627
661
559
622
644
634
671
617
792
712
633
663
746
572
660
656
670
672
779
605
675
787
663
579
648
607
563
601
666
594
630
665
577
622
626
644
741
692
608
732
555
650
602
732
645
847
638
702
575
785
638
709
610
559
637
646
634
690
769
601
565
675
715
658
593
872
611
660
689
631
633
626
684
733
592
556
602
666
687
677
675
620
625
583
631
689
558
693
578
592
622
673
692
643
658
593
636
658
630
643
635
644
617
573
610
604
605
618
592
629
653
668
572
681
588
609
585
691
600
721
601
694
585
754
676
691
603
604
603
702
603
625
690
610
613
628
627
600
695
630
635
789
581
769
770
665
637
569
634
587
678
629
552
753
643
656
673
582
621
643
597
633
645
767
598
617
664
632
607
592
734
726
663
612
554
599
608
803
593
631
777
616
644
584
621
579
693
677
693
696
738
568
807
696
610
617
601
582
584
602
659
602
663
671
778
713
641
584
727
658
703
663
637
650
679
749
625
712
653
645
594
635
602
560
708
654
579
598
592
873
673
598
675
626
715
642
657
653
708
742
728
598
619
628
634
622
652
616
651
909
720
588
641
626
621
594
670
681
682
651
572
645
636
606
653
709
656
635
624
692
638
545
655
659
753
683
592
654
594
609
631
598
594
636
590
594
663
803
629
657
648
646
617
694
618
623
645
629
725
609
589
623
656
639
714
654
613
570
687
635
625
630
648
723
656
637
702
639
735
839
717
699
605
664
626
606
682
591
597
603
650
661
566
643
689
634
886
684
605
566
620
591
671
591
681
549
571
671
708
768
698
676
734
621
639
738
620
707
649
574
667
697
602
638
637
682
630
578
639
601
650
719
617
801
677
675
662
612
613
631
591
878
689
670
666
581
571
590
629
804
620
770
667
697
658
681
676
620
602
575
621
624
626
705
691
632
626
669
730
724
592
649
579
552
566
700
818
619
577
628
616
608
546
600
615
712
659
667
597
658
728
597
666
640
671
599
595
576
650
598
664
605
713
746
628
724
697
557
652
603
721
638
739
747
656
723
669
665
799
641
576
637
748
619
786
684
727
657
567
602
673
788
657
632
559
729
630
592
622
647
708
630
596
863
708
752
571
547
664
679
670
602
598
722
723
727
607
670
643
617
617
779
726
596
623
690
592
617
584
674
648
616
665
758
629
644
616
565
607
662
631
573
794
543
640
692
714
838
765
633
627
637
749
686
581
612
580
644
610
568
703
710
617
561
723
700
553
606
655
575
682
589
597
622
596
697
672
607
616
641
564
626
694
555
803
548
621
637
649
680
586
738
688
637
698
721
646
605
612
684
723
632
577
628
828
603
593
699
643
584
564
596
630
563
623
613
635
720
643
782
703
735
589
676
646
602
600
611
574
641
606
689
582
738
733
745
716
662
670
654
728
575
717
594
611
586
650
673
609
595
709
615
586
641
792
570
630
682
668
557
636
640
693
560
672
616
699
575
616
701
687
634
617
662
669
633
672
696
634
590
655
643
613
670
614
706
595
610
708
638
706
714
645
707
663
582
593
637
679
603
637
675
655
608
586
654
637
717
670
578
599
697
623
603
586
590
623
684
636
721
645
576
568
558
710
624
607
622
682
635
699
684
651
587
623
611
727
670
679
618
623
798
628
641
748
600
647
705
639
621
594
608
600
604
671
572
769
588
779
631
591
637
669
759
672
784
611
606
628
647
728
709
554
639
613
692
628
587
609
564
646
584
613
606
626
558
714
663
653
657
566
684
598
622
638
584
650
594
705
577
718
630
691
611
580
615
596
640
616
543
594
604
617
654
676
715
616
699
698
606
572
596
618
692
640
616
721
736
590
656
644
784
647
634
589
594
647
628
693
779
655
619
584
620
607
758
635
659
669
590
617
656
649
634
749
925
650
718
763
780
630
612
749
574
660
641
657
680
643
641
672
580
616
603
665
574
577
659
593
588
758
638
785
664
677
647
684
613
637
693
602
694
607
609
562
576
644
667
613
615
630
755
705
620
574
681
722
660
616
568
715
618
764
634
669
692
703
656
702
650
625
614
575
694
600
640
582
601
590
612
687
630
602
553
604
669
644
632
634
621
625
587
663
649
828
674
716
689
653
603
599
631
591
612
626
650
585
581
669
584
613
615
630
632
692
624
620
712
625
631
680
619
637
690
705
614
596
618
667
645
622
643
626
670
658
668
737
619
624
757
655
595
715
661
638
585
690
646
634
609
622
720
644
735
620
690
677
628
666
645
688
624
717
590
570
605
616
606
641
659
810
611
725
620
610
670
616
643
597
718
703
691
583
644
759
605
700
675
607
647
615
620
611
656
616
641
630
875
580
643
596
615
735
671
618
605
602
619
664
638
672
609
647
700
676
603
602
654
612
694
804
610
612
573
634
606
593
707
658
820
686
742
685
589
719
623
744
624
692
684
662
606
632
702
605
635
732
625
629
577
663
638
662
603
709
586
702
771
637
613
646
672
669
774
630
642
705
683
683
575
679
653
616
661
656
579
677
606
638
703
590
750
609
588
618
718
675
753
623
648
592
619
636
622
584
725
640
684
709
850
672
698
628
642
703
682
697
701
861
715
662
609
606
614
560
683
572
676
727
640
617
767
637
671
614
559
747
607
652
549
592
684
549
614
594
567
603
639
653
548
590
597
598
609
711
585
772
635
672
652
590
677
726
681
775
620
634
662
573
659
597
678
704
600
753
632
608
699
543
688
608
642
565
651
760
660
618
660
691
725
586
646
740
574
573
870
606
641
652
591
763
573
653
612
605
600
596
661
624
588
757
630
560
619
759
655
678
627
687
580
582
732
679
648
698
644
715
641
713
822
620
747
632
649
619
564
610
725
588
712
623
572
620
557
600
613
704
680
675
577
609
652
638
583
606
646
587
616
591
823
631
613
671
568
694
647
581
581
559
658
635
682
606
602
637
613
580
573
766
644
622
622
760
684
581
629
707
584
643
634
572
672
762
609
602
688
610
596
696
657
611
586
648
567
695
655
722
634
615
557
618
697
665
640
569
589
568
660
579
705
690
623
647
627
710
606
593
576
584
611
609
574
646
677
599
669
546
663
684
769
720
714
602
611
616
707
615
615
714
705
734
751
607
636
627
741
600
682
551
661
604
587
634
665
595
724
580
711
738
577
678
684
614
701
625
827
611
694
624
690
647
637
606
650
656
670
635
707
680
596
556
555
632
533
748
638
699
729
635
635
657
820
708
598
664
627
652
633
774
634
613
609
620
617
596
589
641
575
666
589
704
574
701
678
695
692
742
718
560
548
607
623
581
622
610
616
587
591
649
681
652
636
626
576
577
711
682
629
596
711
816
633
654
560
616
623
575
644
624
615
620
612
648
622
593
597
713
701
624
626
696
635
633
844
617
653
593
643
584
632
566
571
688
618
821
610
760
625
591
638
601
676
596
669
627
741
746
632
599
600
613
601
550
619
685
616
622
665
678
768
608
718
610
591
559
618
612
646
645
616
628
643
640
569
576
584
607
574
740
600
649
697
626
676
623
669
596
606
630
628
695
604
554
704
685
566
607
557
622
535
579
756
618
695
599
725
610
647
643
590
702
679
601
662
635
615
693
627
642
660
584
763
644
558
625
550
714
610
585
683
684
588
605
594
578
643
631
668
585
739
618
555
752
608
575
674
709
623
686
672
683
671
651
642
620
654
632
674
605
612
619
602
796
628
582
742
621
773
584
633
612
616
682
671
767
628
698
586
644
610
642
648
639
628
544
668
673
736
654
640
629
649
602
619
567
645
607
716
601
639
693
592
740
731
676
595
581
600
638
685
598
704
638
617
838
642
594
586
597
655
712
572
605
663
556
575
605
630
620
584
584
613
610
597
605
570
627
614
600
594
617
643
588
817
653
730
700
645
621
613
685
741
654
901
609
687
638
665
656
631
581
596
628
637
608
670
589
627
617
603
632
590
613
642
657
642
622
627
772
719
657
832
609
602
921
585
670
632
622
753
637
613
612
601
626
644
545
551
673
624
663
769
580
773
543
713
587
578
602
683
635
615
626
561
615
600
677
652
641
644
646
756
612
764
607
611
601
667
633
731
617
634
725
587
699
616
712
577
641
607
611
672
671
641
664
676
623
719
715
647
638
657
596
645
573
648
745
662
558
605
621
619
644
696
610
633
655
600
674
604
642
667
607
659
640
596
671
582
654
660
711
620
568
795
655
553
750
784
709
649
578
722
708
782
592
605
614
704
659
613
682
633
712
652
590
685
764
619
679
622
605
621
662
675
643
652
558
569
617
804
695
632
574
625
761
644
668
642
670
612
614
594
584
615
653
663
585
684
674
671
742
588
603
555
660
653
584
796
747
663
639
549
588
677
731
599
625
591
749
636
0.078815
